1 5 97 0.88
1 6 96 0.87
1 7 98 0.89
1 8 95 0.86
1 9 97 0.85
3 7 99 0.88
4 5 99 0.89
5 11 88 0.78
5 12 86 0.76
5 13 87 0.77
5 14 89 0.79
7 10 88 0.78
7 11 89 0.79
9 10 89 0.79
9 13 87 0.77
9 14 88 0.78
10 15 65 0.55
10 16 68 0.58
10 17 66 0.56
10 18 67 0.57
10 19 69 0.59
12 15 68 0.58
12 16 69 0.59
13 17 69 0.59
14 15 69 0.59
15 20 85 0.75
15 21 88 0.78
15 22 86 0.76
15 23 87 0.77
15 24 89 0.79
17 20 88 0.78
17 21 89 0.79
19 20 89 0.79
19 23 87 0.77
19 24 88 0.78
20 25 95 0.85
20 26 98 0.88
20 27 97 0.86
20 28 96 0.87
20 29 99 0.89
20 30 97 0.88
20 31 98 0.87
21 25 97 0.88
21 26 96 0.87
21 27 98 0.89
21 29 97 0.85
21 30 99 0.89
21 31 96 0.88
22 25 98 0.87
22 26 99 0.88
22 28 97 0.89
22 30 98 0.87
22 31 97 0.89
22 32 99 0.88
23 27 99 0.88
23 29 96 0.89
23 31 99 0.87
24 25 99 0.89
24 30 96 0.89
24 31 95 0.88