0 5 95 0.95
0 6 98 0.98
0 7 97 0.96
0 8 96 0.97
0 9 99 0.99
1 5 97 0.98
1 6 96 0.97
1 7 98 0.99
1 8 95 0.96
1 9 97 0.95
2 5 98 0.97
2 6 99 0.98
2 7 96 0.96
2 8 97 0.99
2 9 95 0.98
3 5 96 0.96
3 6 97 0.97
3 7 99 0.98
3 8 98 0.96
3 9 96 0.99
4 5 99 0.99
4 6 95 0.98
4 7 96 0.97
4 8 97 0.96
4 9 98 0.95
5 10 85 0.95
5 11 88 0.98
5 12 86 0.96
5 13 87 0.97
5 14 89 0.99
6 10 87 0.97
6 11 86 0.96
6 12 88 0.98
6 13 85 0.95
6 14 87 0.97
7 10 88 0.98
7 11 89 0.99
7 12 86 0.96
7 13 87 0.97
7 14 85 0.95
8 10 86 0.96
8 11 87 0.97
8 12 89 0.99
8 13 88 0.98
8 14 86 0.96
9 10 89 0.99
9 11 85 0.95
9 12 86 0.96
9 13 87 0.97
9 14 88 0.98
10 15 65 0.95
10 16 68 0.98
10 17 66 0.96
10 18 67 0.97
10 19 69 0.99
11 15 67 0.97
11 16 66 0.96
11 17 68 0.98
11 18 65 0.95
11 19 67 0.97
12 15 68 0.98
12 16 69 0.99
12 17 66 0.96
12 18 67 0.97
12 19 65 0.95
13 15 66 0.96
13 16 67 0.97
13 17 69 0.99
13 18 68 0.98
13 19 66 0.96
14 15 69 0.99
14 16 65 0.95
14 17 66 0.96
14 18 67 0.97
14 19 68 0.98
15 20 85 0.95
15 21 88 0.98
15 22 86 0.96
15 23 87 0.97
15 24 89 0.99
16 20 87 0.97
16 21 86 0.96
16 22 88 0.98
16 23 85 0.95
16 24 87 0.97
17 20 88 0.98
17 21 89 0.99
17 22 86 0.96
17 23 87 0.97
17 24 85 0.95
18 20 86 0.96
18 21 87 0.97
18 22 89 0.99
18 23 88 0.98
18 24 86 0.96
19 20 89 0.99
19 21 85 0.95
19 22 86 0.96
19 23 87 0.97
19 24 88 0.98
20 25 95 0.95
20 26 98 0.98
20 27 97 0.96
20 28 96 0.97
20 29 99 0.99
20 30 97 0.98
20 31 98 0.97
20 32 96 0.96
21 25 97 0.98
21 26 96 0.97
21 27 98 0.99
21 28 95 0.96
21 29 97 0.95
21 30 99 0.99
21 31 96 0.98
21 32 98 0.97
22 25 98 0.97
22 26 99 0.98
22 27 96 0.96
22 28 97 0.99
22 29 95 0.98
22 30 98 0.97
22 31 97 0.99
22 32 99 0.98
23 25 96 0.96
23 26 97 0.97
23 27 99 0.98
23 28 98 0.96
23 29 96 0.99
23 30 95 0.98
23 31 99 0.97
23 32 97 0.96
24 25 99 0.99
24 26 95 0.98
24 27 96 0.97
24 28 97 0.96
24 29 98 0.95
24 30 96 0.99
24 31 95 0.98
24 32 98 0.97