24 16 45 0.90
25 20 73 0.91
26 20 28 0.90
27 20 52 0.95
28 21 67 0.99
29 22 31 0.72
30 23 89 0.94
31 23 42 0.80
16 14 63 0.90
16 12 55 0.90
16 17 37 0.85
20 17 44 0.85
21 18 91 0.99
22 23 25 0.60
22 18 58 0.89
23 19 76 0.95
14 9 33 0.99
12 9 82 0.97
12 10 47 0.90
17 13 69 0.88
18 11 51 0.90
19 11 84 0.93
19 15 29 0.99
8 15 10 0.90
13 11 62 0.91
13 6 43 0.86
9 1 95 0.99
9 5 38 0.83
10 2 71 0.94
11 6 56 0.79
6 3 87 0.88
6 7 34 0.75
7 8 66 0.82
8 4 49 0.87
1 0 77 0.93
2 0 53 0.85
3 0 41 0.78
4 0 68 0.89
5 2 59 0.90