24 16 45 0.82
25 20 73 0.91
26 20 28 0.76
27 20 52 0.88
28 21 67 0.65
29 22 31 0.79
30 23 89 0.94
31 23 42 0.85
16 14 63 0.71
16 12 55 0.83
16 17 37 0.92
20 17 44 0.78
21 18 91 0.86
22 23 25 0.73
22 18 58 0.89
23 19 76 0.95
14 9 33 0.67
12 9 82 0.81
12 10 47 0.93
17 13 69 0.88
18 11 51 0.77
19 11 84 0.84
19 15 29 0.69
13 11 62 0.91
13 6 43 0.86
9 1 95 0.72
9 5 38 0.83
10 2 71 0.94
11 6 56 0.79
6 3 87 0.88
6 7 34 0.75
7 8 66 0.82
8 4 49 0.87
1 0 77 0.93
2 0 53 0.85
3 0 41 0.78
4 0 68 0.89
5 2 59 0.76